signatureData1 = [265,487,265,487,13646 ;265,487,265,487,13679 ;265,487,265,487,13713 ;265,487,265,487,13745 ;265,487,265,487,13779 ;265,487,268,483,13812 ;268,483,270,473,13845 ;270,473,271,466,13879 ;271,466,271,457,13912 ;271,457,272,444,13945 ;272,444,272,429,13979 ;272,429,272,412,14012 ;272,412,272,400,14045 ;272,400,272,388,14078 ;272,388,272,378,14112 ;272,378,273,369,14146 ;273,369,274,360,14179 ;274,360,275,355,14212 ;275,355,275,347,14246 ;275,347,275,343,14279 ;275,343,275,341,14312 ;275,341,275,338,14346 ;275,338,275,337,14379 ;275,337,275,337,14412 ;275,337,275,337,14445 ;275,337,274,339,14479 ;274,339,275,350,14512 ;275,350,278,360,14545 ;278,360,282,366,14579 ;282,366,289,374,14612 ;289,374,292,377,14645 ;292,377,292,377,14679 ;292,377,296,376,14712 ;296,376,301,372,14746 ;301,372,305,368,14779 ;305,368,310,359,14813 ;310,359,313,355,14846 ;313,355,315,349,14879 ;315,349,316,346,14912 ;316,346,316,346,14946 ;316,346,316,346,14979 ;316,346,316,346,15012 ;316,346,316,346,15046 ;316,346,316,346,15079 ;316,346,316,346,15112 ;316,346,316,346,15146 ;316,346,317,351,15178 ;317,351,318,368,15212 ;318,368,319,379,15245 ;319,379,320,387,15279 ;320,387,320,396,15312 ;320,396,320,406,15346 ;320,406,320,414,15378 ;320,414,320,422,15412 ;320,422,320,430,15446 ;320,430,320,439,15478 ;320,439,320,447,15512 ;320,447,321,455,15545 ;321,455,323,462,15579 ;323,462,324,467,15612 ;324,467,325,471,15646 ;325,471,326,474,15678 ;326,474,327,475,15712 ;327,475,329,480,15746 ;329,480,330,482,15779 ;330,482,331,483,15812 ;331,483,331,483,15846 ;331,483,333,485,15879 ;333,485,334,486,15912 ;334,486,334,486,15946 ;334,486,334,486,15979 ;334,486,334,486,16012 ;334,486,334,486,16046 ;334,486,334,486,16079 ;334,486,334,486,16112 ;345,436,341,440,16646 ;341,440,339,445,16678 ;339,445,337,452,16712 ;337,452,336,457,16746 ;336,457,336,462,16778 ;336,462,338,468,16812 ;338,468,341,475,16846 ;341,475,343,480,16879 ;343,480,346,485,16912 ;346,485,348,488,16945 ;348,488,349,489,16979 ;349,489,353,492,17013 ;353,492,356,493,17045 ;356,493,358,493,17079 ;358,493,362,493,17112 ;362,493,367,492,17145 ;367,492,370,489,17179 ;370,489,372,485,17212 ;372,485,374,480,17245 ;374,480,376,477,17279 ;376,477,376,473,17313 ;376,473,376,469,17345 ;376,469,375,462,17379 ;375,462,372,455,17412 ;372,455,370,451,17446 ;370,451,366,445,17478 ;366,445,364,442,17512 ;364,442,362,440,17546 ;362,440,362,440,17579 ;362,440,360,440,17613 ;360,440,357,439,17646 ;357,439,355,439,17678 ;355,439,354,439,17712 ;354,439,350,438,17746 ;350,438,348,438,17779 ;348,438,344,438,17812 ;344,438,344,438,17846 ;344,438,344,438,17879 ;344,438,344,438,17912 ;344,438,344,438,17945 ;344,438,344,438,17979 ;344,438,344,438,18012 ;344,438,344,438,18046 ;344,438,344,438,18079 ;344,438,344,438,18112 ;344,438,344,438,18145 ;344,438,344,438,18179 ;370,477,370,477,18746 ;370,477,375,483,18779 ;375,483,379,487,18812 ;379,487,383,490,18845 ;383,490,386,491,18879 ;386,491,389,492,18912 ;389,492,391,492,18946 ;391,492,392,492,18979 ;392,492,394,492,19012 ;394,492,394,492,19046 ;394,492,394,492,19079 ;394,492,394,492,19113 ;394,492,394,492,19145 ;394,492,394,492,19179 ;398,493,398,493,19745 ;398,493,400,482,19779 ;400,482,402,468,19812 ;402,468,402,457,19845 ;402,457,402,445,19879 ;402,445,399,434,19912 ;399,434,397,423,19946 ;397,423,394,414,19979 ;394,414,392,403,20013 ;392,403,391,395,20045 ;391,395,391,392,20079 ;391,392,391,385,20112 ;391,385,391,380,20146 ;391,380,392,373,20179 ;392,373,393,369,20213 ;393,369,394,364,20246 ;394,364,394,363,20279 ;394,363,394,363,20312 ;394,363,394,363,20346 ;394,363,394,363,20379 ;394,363,394,363,20413 ;394,363,393,365,20445 ;393,365,392,374,20479 ;392,374,392,383,20513 ;392,383,392,391,20545 ;392,391,392,401,20579 ;392,401,392,413,20612 ;392,413,394,422,20646 ;394,422,395,430,20679 ;395,430,396,437,20712 ;396,437,397,444,20746 ;397,444,399,451,20779 ;399,451,403,457,20812 ;403,457,406,462,20846 ;406,462,408,466,20879 ;408,466,410,469,20912 ;410,469,413,472,20946 ;413,472,419,475,20979 ;419,475,423,479,21012 ;423,479,424,480,21046 ;424,480,424,480,21079 ;424,480,430,482,21113 ;430,482,432,482,21145 ;432,482,432,482,21179 ;432,482,432,482,21212 ;432,482,432,482,21245 ;432,482,432,482,21279 ;383,414,394,418,21812 ;394,418,405,420,21845 ;405,420,407,420,21879 ;407,420,410,420,21912 ;410,420,411,420,21946 ;411,420,411,420,21979 ;411,420,411,420,22013 ;419,450,419,450,22412 ;419,450,423,451,22446 ;423,451,430,454,22479 ;430,454,435,456,22512 ;435,456,443,456,22545 ;443,456,451,456,22579 ;451,456,459,456,22612 ;459,456,465,456,22646 ;465,456,470,455,22678 ;470,455,474,452,22712 ;474,452,478,448,22745 ;478,448,479,443,22779 ;479,443,479,437,22812 ;479,437,478,432,22845 ;478,432,477,431,22879 ;477,431,473,430,22912 ;473,430,467,429,22946 ;467,429,465,429,22978 ;465,429,456,432,23012 ;456,432,450,435,23046 ;450,435,446,438,23079 ;446,438,443,441,23112 ;443,441,441,448,23146 ;441,448,441,457,23179 ;441,457,441,467,23212 ;441,467,444,474,23245 ;444,474,447,479,23279 ;447,479,450,484,23313 ;450,484,454,488,23345 ;454,488,457,490,23379 ;457,490,461,491,23412 ;461,491,468,491,23446 ;468,491,474,490,23479 ;474,490,475,489,23512 ;475,489,475,489,23546 ;475,489,478,489,23579 ;478,489,478,489,23612 ;478,489,478,489,23646 ;478,489,478,489,23679 ;478,489,478,489,23712 ;478,489,478,489,23745 ;492,435,495,444,24345 ;495,444,496,455,24379 ;496,455,497,470,24412 ;497,470,499,478,24446 ;499,478,499,481,24479 ;499,481,499,484,24512 ;499,484,499,485,24546 ;499,485,499,485,24579 ;499,485,499,485,24612 ;499,485,499,485,24645 ;499,485,499,485,24679 ;499,485,499,485,24712 ;499,485,499,485,24745 ;499,485,499,485,24779 ;499,485,500,476,24812 ;500,476,500,464,24846 ;500,464,499,453,24879 ;499,453,499,448,24912 ;499,448,500,444,24945 ;500,444,502,441,24979 ;502,441,504,439,25013 ;504,439,506,439,25045 ;506,439,510,439,25079 ;510,439,513,439,25112 ;513,439,516,439,25146 ;516,439,519,439,25179 ;519,439,525,441,25213 ;525,441,527,443,25245 ;527,443,529,445,25279 ;529,445,532,448,25313 ;532,448,535,455,25346 ;535,455,537,462,25379 ;537,462,537,470,25412 ;537,470,537,477,25446 ;537,477,537,481,25479 ;537,481,538,484,25513 ;538,484,538,484,25546 ;538,484,538,484,25579 ;538,484,539,489,25612 ;539,489,539,489,25645 ;539,489,539,489,25679 ;539,489,539,492,25712 ;539,492,539,493,25746 ;539,493,539,493,25779 ;539,493,539,493,25812 ;539,493,539,489,25845 ;539,489,539,480,25879 ;539,480,539,472,25912 ;539,472,541,464,25946 ;541,464,542,456,25978 ;542,456,542,452,26012 ;542,452,543,447,26045 ;543,447,544,444,26079 ;544,444,546,441,26112 ;546,441,548,439,26145 ;548,439,550,437,26179 ;550,437,555,437,26213 ;555,437,559,437,26245 ;559,437,563,437,26279 ;563,437,566,438,26312 ;566,438,570,441,26346 ;570,441,573,445,26379 ;573,445,575,449,26412 ;575,449,577,452,26445 ;577,452,578,456,26479 ;578,456,579,460,26512 ;579,460,579,464,26546 ;579,464,578,469,26579 ;578,469,578,473,26612 ;578,473,579,478,26646 ;579,478,580,480,26679 ;580,480,580,483,26712 ;580,483,580,484,26746 ;580,484,580,488,26779 ;580,488,580,489,26812 ;580,489,580,489,26846 ;580,489,580,489,26879 ;580,489,580,489,26912 ;580,489,580,489,26946 ;580,489,580,489,26979 ;622,449,618,449,28112 ;618,449,618,449,28146 ;618,449,611,450,28179 ;611,450,606,453,28212 ;606,453,602,455,28246 ;602,455,600,460,28279 ;600,460,598,466,28313 ;598,466,597,470,28345 ;597,470,598,476,28379 ;598,476,599,480,28412 ;599,480,602,486,28446 ;602,486,609,491,28479 ;609,491,618,493,28512 ;618,493,626,494,28545 ;626,494,637,493,28579 ;637,493,646,489,28612 ;646,489,649,486,28646 ;649,486,651,484,28679 ;651,484,651,482,28712 ;651,482,651,478,28745 ;651,478,650,474,28779 ;650,474,647,468,28812 ;647,468,646,465,28846 ;646,465,645,463,28879 ;645,463,644,461,28913 ;644,461,642,459,28946 ;642,459,639,456,28979 ;639,456,636,454,29013 ;636,454,632,452,29046 ;632,452,627,450,29079 ;627,450,627,450,29112 ;627,450,627,450,29145 ;627,450,620,450,29179 ;620,450,615,450,29213 ;615,450,615,450,29245 ;615,450,615,450,29279 ;